	   ------------词法分析结果------------
     记号类别   字符串  常数值  函数指针    所在行号
	23	--	0	00000000	1
	0	ORIGIN	0	00000000	2
	3	IS	0	00000000	2
	11	(	0	00000000	2
	20	20	20	00000000	2
	13	,	0	00000000	2
	20	200	200	00000000	2
	12	)	0	00000000	2
	10	;	0	00000000	2
	23	--	0	00000000	2
	2	ROT	0	00000000	3
	3	IS	0	00000000	3
	20	0	0	00000000	3
	10	;	0	00000000	3
	23	--	0	00000000	3
	1	SCALE	0	00000000	4
	3	IS	0	00000000	4
	11	(	0	00000000	4
	20	40	40	00000000	4
	13	,	0	00000000	4
	20	40	40	00000000	4
	12	)	0	00000000	4
	10	;	0	00000000	4
	23	--	0	00000000	4
	7	FOR	0	00000000	5
	9	T	0	00000000	5
	8	FROM	0	00000000	5
	20	0	0	00000000	5
	4	TO	0	00000000	5
	20	2	2	00000000	5
	16	*	0	00000000	5
	20	PI	3.14159	00000000	5
	5	STEP	0	00000000	5
	20	PI	3.14159	00000000	5
	17	/	0	00000000	5
	20	50	50	00000000	5
	6	DRAW	0	00000000	5
	11	(	0	00000000	5
	9	T	0	00000000	5
	13	,	0	00000000	5
	24	-0	0	00000000	5
	19	SIN	0	00365C30	5
	11	(	0	00000000	5
	9	T	0	00000000	5
	12	)	0	00000000	5
	12	)	0	00000000	5
	10	;	0	00000000	5
	23	--	0	00000000	5
	0	ORIGIN	0	00000000	6
	3	IS	0	00000000	6
	11	(	0	00000000	6
	20	20	20	00000000	6
	13	,	0	00000000	6
	20	240	240	00000000	6
	12	)	0	00000000	6
	10	;	0	00000000	6
	23	--	0	00000000	6
	7	FOR	0	00000000	7
	9	T	0	00000000	7
	8	FROM	0	00000000	7
	20	0	0	00000000	7
	4	TO	0	00000000	7
	20	2	2	00000000	7
	16	*	0	00000000	7
	20	PI	3.14159	00000000	7
	5	STEP	0	00000000	7
	20	PI	3.14159	00000000	7
	17	/	0	00000000	7
	20	50	50	00000000	7
	6	DRAW	0	00000000	7
	11	(	0	00000000	7
	9	T	0	00000000	7
	13	,	0	00000000	7
	24	-0	0	00000000	7
	19	SIN	0	00365C30	7
	11	(	0	00000000	7
	9	T	0	00000000	7
	12	)	0	00000000	7
	12	)	0	00000000	7
	10	;	0	00000000	7
	23	--	0	00000000	7
	0	ORIGIN	0	00000000	8
	3	IS	0	00000000	8
	11	(	0	00000000	8
	20	20	20	00000000	8
	13	,	0	00000000	8
	20	280	280	00000000	8
	12	)	0	00000000	8
	10	;	0	00000000	8
	23	--	0	00000000	8
	7	FOR	0	00000000	9
	9	T	0	00000000	9
	8	FROM	0	00000000	9
	20	0	0	00000000	9
	4	TO	0	00000000	9
	20	2	2	00000000	9
	16	*	0	00000000	9
	20	PI	3.14159	00000000	9
	5	STEP	0	00000000	9
	20	PI	3.14159	00000000	9
	17	/	0	00000000	9
	20	50	50	00000000	9
	6	DRAW	0	00000000	9
	11	(	0	00000000	9
	9	T	0	00000000	9
	13	,	0	00000000	9
	24	-0	0	00000000	9
	19	SIN	0	00365C30	9
	11	(	0	00000000	9
	9	T	0	00000000	9
	12	)	0	00000000	9
	12	)	0	00000000	9
	10	;	0	00000000	9
	23	--	0	00000000	9
	23	--	0	00000000	11
	0	ORIGIN	0	00000000	12
	3	IS	0	00000000	12
	11	(	0	00000000	12
	20	380	380	00000000	12
	13	,	0	00000000	12
	20	240	240	00000000	12
	12	)	0	00000000	12
	10	;	0	00000000	12
	23	--	0	00000000	12
	1	SCALE	0	00000000	13
	3	IS	0	00000000	13
	11	(	0	00000000	13
	20	80	80	00000000	13
	13	,	0	00000000	13
	20	80	80	00000000	13
	17	/	0	00000000	13
	20	3	3	00000000	13
	12	)	0	00000000	13
	10	;	0	00000000	13
	23	--	0	00000000	13
	2	ROT	0	00000000	14
	3	IS	0	00000000	14
	20	PI	3.14159	00000000	14
	17	/	0	00000000	14
	20	2	2	00000000	14
	14	+	0	00000000	14
	20	0	0	00000000	14
	16	*	0	00000000	14
	20	PI	3.14159	00000000	14
	17	/	0	00000000	14
	20	3	3	00000000	14
	10	;	0	00000000	14
	23	--	0	00000000	14
	7	FOR	0	00000000	15
	9	T	0	00000000	15
	8	FROM	0	00000000	15
	24	-0	0	00000000	15
	20	PI	3.14159	00000000	15
	4	TO	0	00000000	15
	20	PI	3.14159	00000000	15
	5	STEP	0	00000000	15
	20	PI	3.14159	00000000	15
	17	/	0	00000000	15
	20	50	50	00000000	15
	6	DRAW	0	00000000	15
	11	(	0	00000000	15
	19	COS	0	00365CE4	15
	11	(	0	00000000	15
	9	T	0	00000000	15
	12	)	0	00000000	15
	13	,	0	00000000	15
	19	SIN	0	00365C30	15
	11	(	0	00000000	15
	9	T	0	00000000	15
	12	)	0	00000000	15
	12	)	0	00000000	15
	10	;	0	00000000	15
	23	--	0	00000000	15
	2	ROT	0	00000000	16
	3	IS	0	00000000	16
	20	PI	3.14159	00000000	16
	17	/	0	00000000	16
	20	2	2	00000000	16
	14	+	0	00000000	16
	20	2	2	00000000	16
	16	*	0	00000000	16
	20	PI	3.14159	00000000	16
	17	/	0	00000000	16
	20	3	3	00000000	16
	10	;	0	00000000	16
	23	--	0	00000000	16
	7	FOR	0	00000000	17
	9	T	0	00000000	17
	8	FROM	0	00000000	17
	24	-0	0	00000000	17
	20	PI	3.14159	00000000	17
	4	TO	0	00000000	17
	20	PI	3.14159	00000000	17
	5	STEP	0	00000000	17
	20	PI	3.14159	00000000	17
	17	/	0	00000000	17
	20	50	50	00000000	17
	6	DRAW	0	00000000	17
	11	(	0	00000000	17
	19	COS	0	00365CE4	17
	11	(	0	00000000	17
	9	T	0	00000000	17
	12	)	0	00000000	17
	13	,	0	00000000	17
	19	SIN	0	00365C30	17
	11	(	0	00000000	17
	9	T	0	00000000	17
	12	)	0	00000000	17
	12	)	0	00000000	17
	10	;	0	00000000	17
	23	--	0	00000000	17
	2	ROT	0	00000000	18
	3	IS	0	00000000	18
	20	PI	3.14159	00000000	18
	17	/	0	00000000	18
	20	2	2	00000000	18
	15	-	0	00000000	18
	20	2	2	00000000	18
	16	*	0	00000000	18
	20	PI	3.14159	00000000	18
	17	/	0	00000000	18
	20	3	3	00000000	18
	10	;	0	00000000	18
	23	--	0	00000000	18
	7	FOR	0	00000000	19
	9	T	0	00000000	19
	8	FROM	0	00000000	19
	24	-0	0	00000000	19
	20	PI	3.14159	00000000	19
	4	TO	0	00000000	19
	20	PI	3.14159	00000000	19
	5	STEP	0	00000000	19
	20	PI	3.14159	00000000	19
	17	/	0	00000000	19
	20	50	50	00000000	19
	6	DRAW	0	00000000	19
	11	(	0	00000000	19
	19	COS	0	00365CE4	19
	11	(	0	00000000	19
	9	T	0	00000000	19
	12	)	0	00000000	19
	13	,	0	00000000	19
	19	SIN	0	00365C30	19
	11	(	0	00000000	19
	9	T	0	00000000	19
	12	)	0	00000000	19
	12	)	0	00000000	19
	10	;	0	00000000	19
	23	--	0	00000000	19
	23	--	0	00000000	20
	0	ORIGIN	0	00000000	21
	3	IS	0	00000000	21
	11	(	0	00000000	21
	20	580	580	00000000	21
	13	,	0	00000000	21
	20	240	240	00000000	21
	12	)	0	00000000	21
	10	;	0	00000000	21
	23	--	0	00000000	21
	1	SCALE	0	00000000	22
	3	IS	0	00000000	22
	11	(	0	00000000	22
	20	80	80	00000000	22
	13	,	0	00000000	22
	20	80	80	00000000	22
	12	)	0	00000000	22
	10	;	0	00000000	22
	23	--	0	00000000	22
	2	ROT	0	00000000	23
	3	IS	0	00000000	23
	20	0	0	00000000	23
	10	;	0	00000000	23
	23	--	0	00000000	23
	7	FOR	0	00000000	24
	9	T	0	00000000	24
	8	FROM	0	00000000	24
	20	0	0	00000000	24
	4	TO	0	00000000	24
	20	2	2	00000000	24
	16	*	0	00000000	24
	20	PI	3.14159	00000000	24
	5	STEP	0	00000000	24
	20	PI	3.14159	00000000	24
	17	/	0	00000000	24
	20	50	50	00000000	24
	6	DRAW	0	00000000	24
	11	(	0	00000000	24
	19	COS	0	00365CE4	24
	11	(	0	00000000	24
	9	T	0	00000000	24
	12	)	0	00000000	24
	13	,	0	00000000	24
	19	SIN	0	00365C30	24
	11	(	0	00000000	24
	9	T	0	00000000	24
	12	)	0	00000000	24
	12	)	0	00000000	24
	10	;	0	00000000	24
	23	--	0	00000000	24
	7	FOR	0	00000000	25
	9	T	0	00000000	25
	8	FROM	0	00000000	25
	20	0	0	00000000	25
	4	TO	0	00000000	25
	20	PI	3.14159	00000000	25
	16	*	0	00000000	25
	20	20	20	00000000	25
	5	STEP	0	00000000	25
	20	PI	3.14159	00000000	25
	17	/	0	00000000	25
	20	50	50	00000000	25
	6	DRAW	0	00000000	25
	11	(	0	00000000	26
	11	(	0	00000000	26
	20	1	1	00000000	26
	15	-	0	00000000	26
	20	1	1	00000000	26
	17	/	0	00000000	26
	11	(	0	00000000	26
	20	10	10	00000000	26
	17	/	0	00000000	26
	20	7	7	00000000	26
	12	)	0	00000000	26
	12	)	0	00000000	26
	16	*	0	00000000	26
	19	COS	0	00365CE4	26
	11	(	0	00000000	26
	9	T	0	00000000	26
	12	)	0	00000000	26
	14	+	0	00000000	26
	20	1	1	00000000	26
	17	/	0	00000000	26
	11	(	0	00000000	26
	20	10	10	00000000	26
	17	/	0	00000000	26
	20	7	7	00000000	26
	12	)	0	00000000	26
	16	*	0	00000000	26
	19	COS	0	00365CE4	26
	11	(	0	00000000	26
	24	-0	0	00000000	26
	9	T	0	00000000	26
	16	*	0	00000000	26
	11	(	0	00000000	26
	11	(	0	00000000	26
	20	10	10	00000000	26
	17	/	0	00000000	26
	20	7	7	00000000	26
	12	)	0	00000000	26
	15	-	0	00000000	26
	20	1	1	00000000	26
	12	)	0	00000000	26
	12	)	0	00000000	26
	13	,	0	00000000	26
	11	(	0	00000000	27
	20	1	1	00000000	27
	15	-	0	00000000	27
	20	1	1	00000000	27
	17	/	0	00000000	27
	11	(	0	00000000	27
	20	10	10	00000000	27
	17	/	0	00000000	27
	20	7	7	00000000	27
	12	)	0	00000000	27
	12	)	0	00000000	27
	16	*	0	00000000	27
	19	SIN	0	00365C30	27
	11	(	0	00000000	27
	9	T	0	00000000	27
	12	)	0	00000000	27
	14	+	0	00000000	27
	20	1	1	00000000	27
	17	/	0	00000000	27
	11	(	0	00000000	27
	20	10	10	00000000	27
	17	/	0	00000000	27
	20	7	7	00000000	27
	12	)	0	00000000	27
	16	*	0	00000000	27
	19	SIN	0	00365C30	27
	11	(	0	00000000	27
	24	-0	0	00000000	27
	9	T	0	00000000	27
	16	*	0	00000000	27
	11	(	0	00000000	27
	11	(	0	00000000	27
	20	10	10	00000000	27
	17	/	0	00000000	27
	20	7	7	00000000	27
	12	)	0	00000000	27
	15	-	0	00000000	27
	20	1	1	00000000	27
	12	)	0	00000000	27
	12	)	0	00000000	27
	12	)	0	00000000	27
	10	;	0	00000000	27
